number, name, category
1
2
3
5
6
7
13
19
21
23
24
26
27
29
30
35
50
52
58
59
62
66
67
68
69
78
81
83
85
86
87
89
92
93
94
96
97
98
100
102
105
108
113
116
117
119
122
125
128
129
130
131
133
134
135
136
137
140
141
142
143
144
145
146
147
149
150
152
153
156
157
159
160
163
165
166
170
172
174
175
181
182
184
187
190
191
193
194
195
196
199
200
201
202
203
204
206
207
208
209
210
212
213
214
216
219
220
221
223
225
226
227
228
229
230
232
237
239
241
242
243
246
249
250
251
252
254
255
259
263
264
266
267
269
270
272
273
274
277
280
281
287
291
292
293
294
295
298
299
300
301
302
303
304
305
306
307
308
309
319
321
322